9.699476898776518752e+00
7.159807120666923375e+00
1.175753663259446036e+01
7.316028492826522900e+00
1.761128888023717209e+01
6.242705774169107436e+00
7.647303687333534938e+00
8.114473039711091573e+00
8.752354743467321896e+00
6.352157701840822845e+00
5.438687174498645582e+00
6.745700817030095386e+00
8.243251212773248682e+00
9.515193147531748608e+00
9.069428806769945339e+00
9.596752881280854908e+00
8.699599862662761751e+00
1.246853991833928710e+01
9.110642245711771281e+00
9.516405794163540932e+00
7.470024677474504493e+00
1.112809987480657270e+01
8.382741064767808226e+00
6.988566038716604645e+00
6.066681611032158195e+00
5.828890384435953642e+00
1.479465438020474188e+01
6.121791427362035520e+00
1.411193994154723264e+01
5.407495613209192697e+00
9.768354090602679562e+00
7.961414160508252458e+00
7.637660282669632927e+00
1.116028932484416636e+01
1.040672254102981675e+01
1.257720435749410548e+01
8.412717951470296995e+00
6.820630974816450198e+00
1.024051734756745979e+01
5.734485789144286194e+00
4.688516699874807792e+00
1.254264504317330520e+01
6.621937600222948639e+00
8.745208044307103634e+00
1.509063190603170668e+01
1.030687782610239722e+01
1.007599363429701178e+01
7.438524053025861171e+00
8.165592074484665730e+00
1.191389883499065583e+01
7.634487039490449156e+00
9.093540998154317379e+00
9.998061246365752552e+00
6.385331397531126996e+00
1.352198568431758297e+01
7.665679102596966388e+00
6.856935095857335405e+00
1.022093234623218549e+01
9.576220818220255282e+00
9.911896751439952524e+00
7.277028678075166290e+00
7.945324838519951527e+00
1.395853286218045142e+01
6.580712602282252632e+00
1.623833691808293622e+01
6.478408019571304521e+00
8.434915122529103471e+00
5.679978349704608576e+00
1.308658609187542687e+01
8.394026558621446199e+00
5.728673071724030841e+00
1.417444779035763425e+01
7.921371229041834106e+00
1.042798001005346720e+01
1.309056591860902152e+01
1.371271628028030776e+01
5.910272665133653902e+00
1.220312097926046846e+01
7.027851130469364271e+00
7.016613760960160207e+00
1.089327375783407170e+01
1.105873199750927149e+01
1.493140594329591231e+01
4.909788700382843096e+00
4.902712039711254022e+00
7.908982977654189561e+00
1.986537380487856552e+01
4.036154789495464357e+00
1.574568535775493316e+01
9.183574775834957293e+00
6.069710223514679370e+00
7.016084409181944537e+00
7.701477839530463498e+00
5.918564766377532926e+00
1.500246243769096033e+01
7.356726491389995459e+00
9.161117873613902063e+00
9.062998983968803657e+00
8.827529960676226750e+00
1.539549379854354250e+01
9.939253765732731338e+00
1.771516672604013110e+01
1.105532821118381293e+01
1.215416265521306549e+01
9.245375878369229028e+00
4.308003952398677505e+00
8.839670423390845855e+00
6.845267338623700404e+00
8.594205648228687267e+00
1.027069405928386914e+01
7.998374811384717731e+00
1.007659605530620084e+01
6.302184410779299917e+00
9.912130306894264109e+00
1.330140610945473156e+01
1.760899855834584571e+01
1.372486576795571445e+01
1.204825811067267516e+01
7.760505904439124691e+00
9.857711637265532900e+00
9.152699329733238187e+00
1.106089265733953475e+01
6.017622637684882037e+00
8.904206664167771734e+00
6.142779350987551901e+00
1.290457350939832359e+01
1.239957986362173870e+01
1.366004991862898521e+01
9.134068884711926017e+00
7.484255095024162863e+00
5.133459373552940797e+00
6.232974251691518752e+00
6.011154839964501839e+00
1.483519899974259282e+01
9.505772375020816511e+00
1.275529728110791972e+01
1.680447507189455081e+01
7.101457233008428460e+00
1.025637675739193355e+01
1.213380524304407260e+01
1.348115433140293362e+01
1.039476371468774474e+01
1.453121768253315871e+01
1.052537930841299207e+01
1.769679917892436904e+01
9.420610560149031087e+00
1.531104753223745085e+01
1.213312223333966600e+01
5.415466694405481007e+00
8.871728141893525432e+00
8.415914735299754312e+00
9.025233485082663876e+00
1.507034483419511162e+01
1.249726191566414890e+01
1.201340708275018443e+01
6.843074610582652539e+00
7.605381425795695982e+00
7.979109810038183426e+00
4.941515625749550722e+00
5.306946398715063573e+00
4.711298621371305728e+00
9.163351318802007484e+00
9.051294207985213447e+00
8.140965588556136723e+00
7.420450402859430916e+00
1.147950139313218543e+01
1.475480525346966232e+01
7.801902592447862439e+00
1.118329621400642004e+01
1.078792518330771877e+01
1.537502438922841286e+01
1.001691977083174656e+01
5.330381127960914789e+00
1.149828628585744816e+01
1.585501352301178457e+01
5.947615695999634688e+00
1.659915908933283646e+01
1.283629080319591687e+01
6.145498150044804930e+00
9.223088559312648371e+00
1.491928537465898863e+01
1.398111504541245509e+01
1.026578307911922749e+01
6.654361605069216701e+00
9.984097306158840723e+00
8.797789176232370778e+00
9.074128523778792754e+00
8.456830672247647840e+00
7.898400881152996433e+00
5.373733598151181567e+00
1.030014675728473073e+01
1.367578577749354096e+01
6.884607480921918210e+00
5.890562993642637579e+00
6.601501948777870332e+00
6.955720150874970642e+00
1.234419121800710784e+01
1.143427488444023510e+01
1.137494216934028479e+01
1.283630407121286865e+01
5.646645602567203603e+00
4.333871742672792848e+00
5.716940978398772799e+00
8.873849779554534578e+00
9.027681938831866759e+00
6.828779415747074033e+00
9.974280676041333393e+00
7.051211066150159468e+00
7.624947641149762312e+00
6.807152857525221812e+00
1.034726932819111056e+01
5.828208378309928328e+00
6.849662475492769076e+00
7.775782288570252554e+00
4.990253511703427236e+00
8.994834379625666898e+00
4.973689174490672826e+00
8.448481371903623582e+00
5.231094721072935272e+00
6.649083067499057087e+00
9.243897924194330429e+00
1.418238367511380105e+01
1.225066049842573435e+01
8.443556578794575884e+00
7.541585768660188371e+00
1.109101297951280607e+01
1.149048142666809724e+01
8.286931938719712676e+00
6.308293252018703612e+00
1.095879391374871936e+01
8.714455562284809886e+00
6.479867525362674741e+00
1.121342829059863533e+01
1.188261047738015641e+01
5.689201731592802069e+00
8.548397232019699032e+00
6.027158586318802413e+00
1.101502214250067979e+01
1.009479241733721011e+01
1.890693943121527454e+01
9.386963974403100153e+00
6.424387314284166095e+00
9.817580543978639440e+00
8.854509328568429538e+00
1.087479787356411265e+01
1.111015223912247052e+01
9.036975801153950272e+00
6.753395316100707646e+00
1.191455830703058716e+01
9.627266820941878578e+00
