5.817178174407397484e-02
7.575907761835705412e-03
6.949489257307050333e-03
1.192816340996410637e-02
1.197233822335797178e-02
2.674632117035399825e-02
1.390577798249180257e-02
7.310671016123475091e-04
2.282927317881367629e-02
4.371481868774693656e-03
8.901116267448877864e-03
9.503574893142092278e-03
1.178999439050869291e-02
1.234527945132962885e-02
3.742521104638396861e-03
8.496629600313777841e-02
3.211347439472926179e-03
7.121541891159943911e-03
1.814474327822102398e-02
2.307598999735468136e-03
2.475895433802762901e-03
2.505119923121410658e-02
1.395323799558127222e-02
1.841309208620658597e-02
1.213701592754157146e-03
1.543715410690220738e-03
5.668722907405811251e-03
4.426624787478784795e-02
3.123009304990403967e-03
1.014686675295700807e-01
1.511557340108876483e-02
2.971794118061732957e-03
1.242105102268950111e-03
3.643101902860555567e-03
3.733581168731314737e-02
1.236257736142847355e-02
3.636487699230988441e-02
4.835220698403750600e-02
4.303064853989968692e-03
4.550786146911027855e-03
1.234509624864191246e-02
5.048647141198397449e-03
1.974260268488669916e-03
1.889914906979870204e-02
1.202204041108160225e-02
1.929781796551428494e-02
3.089602366461674261e-03
1.049866342307222708e-03
8.451542585175851607e-03
2.024956132778096274e-01
1.080260399455402337e-02
2.134157852091919313e-02
5.028069396302461795e-03
2.178139710745820301e-02
1.184886265743493455e-02
1.389386786921094743e-03
1.286112811378263728e-02
9.640698593286822077e-03
1.795919274113876030e-02
1.013631282323128671e-02
5.094660662412208406e-03
3.719977009509679682e-03
7.523705957851504166e-04
2.218372117324708404e-01
1.310603267174503539e-01
1.067454862172357993e-01
1.010471643833479177e-01
1.288062666131943590e-01
1.227449252593557638e-01
2.552111327905711158e-01
3.849616425146756282e-01
2.059316339038036181e-01
1.994669964037005805e-01
1.551631333474997321e-01
2.129055944831907132e-01
9.939473344756072359e-02
1.530864786655398990e-01
1.260425299353539197e-01
1.660602589307312582e-01
6.796830341912614426e-02
1.558398134830920878e-01
3.934004414821854478e-01
2.085064622639433429e-01
1.727030627891093517e-01
1.043966163450560647e-01
9.385061260303570463e-02
1.165675449907537936e-01
1.854706320721902502e-01
2.777791802581034974e-01
1.661400598371594872e-01
1.083416813917354449e-01
1.590990849387743933e-01
1.253426989401292546e-01
1.709943834596414913e-01
1.370729823954598137e-01
2.408731673387060068e-01
1.992501234877247507e-01
1.059448169933299155e-01
1.896948632093193032e-01
2.314295262819483778e-01
2.947234487444105322e-01
1.600643294025193564e-01
1.439366931143434836e-01
2.281084526096180121e-01
7.449770867003528696e-02
1.452275258203707398e-01
1.537736790509084406e-01
2.029741475520411287e-01
1.210153329762130026e-01
9.221453997579709405e-02
2.246523828775706666e-01
8.459258703380601041e-02
1.892594320967051214e-01
9.610736503381792084e-02
7.510700881983103927e-02
2.145596304354860373e-01
2.674437016691127988e-01
1.221639660501574604e-01
2.150459451844864145e-01
1.570515081743384389e-01
1.387641614403360979e-01
1.393393378318139031e-01
1.133657056841665262e-01
1.860368639751234510e-01
2.775738296979634034e-01
5.352980987651208278e-02
