1.281713339334250579e-01
1.729239241307712943e-04
2.611908804463876425e-05
6.707929981287168554e-05
2.105665487867511255e-04
2.095261877593172350e-03
5.711763817279518277e-04
5.625967836941391713e-08
5.847229415610274723e-04
4.069262416124409003e-06
1.087888667235064444e-04
2.954494666894335003e-04
1.864454106742713824e-03
3.464510244919634233e-04
4.742803851010252730e-06
8.446363468870947411e-02
2.060562125698709127e-05
1.439757390042102428e-05
2.058733692659898713e-03
1.489989051628610800e-06
6.706676233150628675e-07
8.815639051922698026e-04
4.808576911102743225e-04
1.147923303308815736e-02
1.373931608046759426e-07
4.255398308235786343e-08
2.326072691204884851e-05
1.687185066242301301e-02
1.586657200033962116e-05
9.293745869787229941e-01
4.151309640023588543e-03
2.772264018778489768e-05
8.689199656492766482e-07
1.301864284542023640e-05
5.475933543166201789e-03
1.127867596888670713e-03
3.174501677992550702e-02
4.272220311902834577e-01
4.495175225343172335e-05
1.108924615707179038e-05
1.032458478535224020e-03
2.453341452706150422e-05
1.999537270109525562e-06
3.161364069218824957e-03
5.543032816062035747e-05
3.757435022583417716e-03
2.474473618607284927e-06
2.761332532651236944e-08
1.706623510144898270e-04
9.586781884395554343e-01
1.277832125880901419e-03
2.768690749352865910e-02
8.711166561241966670e-06
1.432599160840204982e-03
1.462030779809853770e-02
6.631041992259607959e-07
5.380154320573152498e-04
7.204322445671300194e-04
1.165477638565421727e-03
1.118268454407583319e-04
3.360483314448225209e-04
2.554231325150020611e-05
5.785025022855814154e-08
9.974928790957079405e-01
9.706941005092053487e-01
8.010936395878750504e-01
7.793929411710998068e-01
9.928020821426419840e-01
9.444765369769569929e-01
9.995907502825980284e-01
9.999631289071801987e-01
9.987744937098647080e-01
9.971645354146131401e-01
9.812979173126409327e-01
9.957057046726836003e-01
7.462322785450596907e-01
9.829895162607558134e-01
9.795153766345500168e-01
9.985503183530577420e-01
5.075059806138730867e-01
9.927659423243136994e-01
9.999650078822712729e-01
9.986697269932041099e-01
9.926923513627157192e-01
9.611225901830073859e-01
6.592738648400965351e-01
9.889480989811679779e-01
9.964412542363298986e-01
9.998438524326181964e-01
9.837998415983320033e-01
8.025286047016383373e-01
9.928183642590026059e-01
9.573573849769901889e-01
9.957412968285407340e-01
9.520921182282913175e-01
9.998325126305769306e-01
9.986969141471127021e-01
9.243885712316355363e-01
9.997094761229005089e-01
9.994196726677210263e-01
9.998631891820727313e-01
9.852292510563910310e-01
9.798683013072947423e-01
9.993511159615271477e-01
6.810855289012287539e-01
9.873370474286168319e-01
9.744745196532724751e-01
9.985492070046864121e-01
9.292467274049567294e-01
9.192942516809649023e-01
9.994126905793666582e-01
8.710571659895561814e-01
9.923561225278811904e-01
9.112745738572834986e-01
5.307681803415842392e-01
9.942858530573978060e-01
9.992060677591515505e-01
9.047658037075394510e-01
9.992963650897708217e-01
9.876607079633317188e-01
9.661522505395256921e-01
9.902735079151426811e-01
9.085587230121998648e-01
9.990384633756216326e-01
9.997885355770871341e-01
2.249977827401875574e-01
