2.416279235751268156e-02
1.407639987110440721e-02
6.860481636974265739e-03
1.487923242187797444e-02
5.542341755878264081e-02
2.934705641517546329e-02
2.071068547531163817e-01
1.086458943790638426e-01
8.719191547663998620e-02
3.211046084442413795e-01
4.886419008762450666e-02
8.369245098418613693e-02
1.290155181823547936e-01
1.689676316334466286e-02
6.874894272806937601e-02
7.446233533301614693e-02
7.371344094582664430e-02
5.361780071307122725e-02
1.021347017675841240e+00
3.353368242152843792e-01
7.575907060032970042e-02
4.580665976698222175e-01
6.690857871521356248e-01
1.338519963423998212e-02
9.725319793994219308e-02
3.430039183593008162e-02
7.387531904432860508e-02
7.163812379756578919e-01
4.853815104074993281e-02
1.143533590647671447e-02
2.124389586383180206e-01
3.290081617027640903e-01
8.792022679930350249e-02
3.470726060801848731e-03
5.184309349216729979e-02
2.013558816855521572e-01
1.396194585069509275e-01
1.321691503697680625e+00
7.871273704423295547e-03
1.613674354188535456e-02
7.106989783983341802e-02
1.340765601508688357e-02
4.590645658332350408e-03
2.557949889160641282e-02
3.338617470045843194e-01
9.066375015461990150e-02
2.711018513668294813e-02
1.861576946241443389e-02
1.088568388404686886e-02
3.238466616410792115e-02
4.199823751890385815e-02
1.645531002029169271e-02
2.991572074833951517e-02
2.152416710795425694e-02
9.367135004333303205e-02
2.019714521178544997e-02
5.150423794349941187e-02
1.514070088944082515e-01
1.056804967205218215e-01
1.496327194441327280e-01
6.060394594234776861e-02
7.178634831123621024e-03
1.404866901965767356e+00
1.952039200628740812e+00
1.340438223795319406e+00
1.458049048385501312e+00
1.186181478033054848e+00
1.350740862075203275e+00
9.868582010630699841e-01
1.929747506322642581e+00
4.058392084316533310e-01
6.471436371378331831e-01
7.221508529517542962e-01
1.175323170775216974e+00
5.667432585887550722e-01
7.458453008846895882e-01
1.674233505096752506e+00
6.899180117803334067e-01
7.234473776093198749e-01
1.164067892921802017e+00
6.826271369460443772e-01
9.922015296691492070e-01
1.336766125506486880e+00
1.578297439313277373e+00
1.635044141178000787e+00
7.613892477537446135e-01
1.016299692628873874e+00
7.199799817432466220e-01
1.802261456515759308e+00
9.880410908894977640e-01
1.255992559252063323e+00
1.038906578121512547e+00
1.009321920097250747e+00
1.243990057975720820e+00
8.563291845836142890e-01
1.036653197093803991e+00
7.091398348367035087e-01
1.041360066519168237e+00
1.096288652518902840e+00
5.075315693256705618e-01
1.607664196509792420e+00
6.505140013448851288e-01
5.281121808155988528e-01
1.694246615171956849e+00
8.006994151507150770e-01
1.069771328276133859e+00
6.160468696717884551e-01
1.140562917071223259e+00
9.351123659584644754e-01
9.504091348091323610e-01
6.552696297546445336e-01
9.410661436617020481e-01
1.132778310562668977e+00
6.771955444668709134e-01
9.754338681993843796e-01
8.266999196071798117e-01
1.107998587267089663e+00
1.323822475960851008e+00
1.494007936951667670e+00
6.579396777185176903e-01
4.246168086232706140e-01
7.058676948868749523e-01
7.477826721758507045e-01
1.057929567442355001e+00
